Heres the list: (Warning! Some might be repeated)
Current: +600 IDs

1929642431
5586787667
2788614357
5321117564
10188928889
10730540929
4518441409
15282210
5454184270
2428689448
6172446576
2924964052
5066274232
9043813794
7750158159
2440436082
8542541608
5626971367
3808710918
6045776243
7705005319
10015451966
4628579048
7116815562
7317458397
9789868268
2907076360
9306233644
4690537765
6163425247
3364076718
2747738471
8063121821
276321879
4111746447
8516917397
5326554788
2443217595
1392177911
1528381580
6138540140
4155751693
6138540140
11050378530
1849939305
9315413302
11020719778
10495498051
7820507221
10776738432
4503512727
7740787916
3904638091
8218710788
951698800
2477209741
2349786180
1553870841
3728496892
8977423723
10826626623
4170474370
3084227237
2255999216
8226215174
4093191818
3810536817
4883390301
10694472200
3881179286
6145448826
10036685693
2692637720
11020719778
10584089652
11051331466
11027548338
5491184419
2231301876
7998427992
10276272953
9618489402
5349247209
9471394657
10180383011
10304530178
10098926384
8582762358
9063620193
10156671845
7739745353
3030649701
5640607519
5403938530
1030863727
10511248678
4780125044
7327663096
1624238616
1962377213
2413413542
10393921895
4142624749
7629493226
9378623568
2811361484
5248965751
8085492346
5328737844
3694749155
10378742467
300506501
8288824143
7372275230
3011384999
3440158343
10292160364
5285747525
10709152767
9133756622
10304126265
9499401339
9463958896
6074071530
10753052087
10716551423
7151349551
4621446896
552071848
9710666949
10737204329
1988832394
10772604255
7699967836
442511218
9442520875
2410202190
10389612408
10331495857
3155912991
905522472
8332164727
6222746542
10304126265
9753780990
5475973855
4191810573
550422290
10279089887
1822188550
10988114968
8742312945
10114594768
10908791422
10276272953
8772488931
2008955378
8571573577
4377756110
671635551
6222561562
10319803376
5252216335
4438680956
8989167376
10750206232
470311494
10440288545
10606434042
4803332559
7628135155
8058789366
8671216372
3524851532
112006600
8035637733
4170474370
10332119369
696693333
991996186
5497697146
8682928889
5122469486
4921889965
181745789
2586748160
10008838516
1787109440
2361952325
2543113499
9483488050
10321972365
1482816536
9976152256
1144775168
5065892227
11052518510
4433111679
10317255227
7270913809
10734469198
189004187
10652566633
7252456868
9946622184
2380381722
4496281522
11046249884
11038855021
11107594443
10927310587
9139678612
4498677818
5065892227
10951845169
1399405023
6137224832
5285747525
10759751658
3994963916
4808646986
7442298933
10767194354
10281534771
30219713
10181785269
4987681470
10969602052
338520978
10788128826
2354497626 (Random person wearing 18+ Animation Artist: @berz1337 avatar)
9683990100
10442722120 (Random person wearing 18+ Animation Artist: @berz1337 avatar)
1225169602
1047239770
5301284856
3645820352
7906721788
10767194354
10281534771
8516945289
4987681470
2208649990
4379277216 (Random person wearing 18+ Animation Artist: @berz1337 avatar)
11038855021
1532660524
3975783210
4170474370
410703540
5221839204
3533332520
3396935331
2233763954
11061236878
4864977893
10114594768
5234281518
6137295563
4498677818
4498677818
8226215174
8094418174
4319665006
10293957308
4302852371
7316981239
10505365416
4972225166
5252216335
3710573147
11052518510
552071848
1822188550
4771396205
10902647798
10927310587
10803730360
8647884333
496576363
2376311242
8797670022
9139678612
7270913809
5743766246
2682205273
9618489402
10104241585
5075962263
4146579340
10759751658
233585513
2413413542
1624238616
2011915265
104343549
2004343615
8393765313
3823950604
7327663096
300506501
7011935489
2795365695
5411482543
4889398686
11053457383
3258726217
36815888
1200508191
10990426632
9157907320
2412001742
9028846023
7677459461
2519156754
5819828221
9259871994
4078718160
10156671845
9227101094
10986435746
7454457035
4726376158
4191810573
11030045347
9591864775
10429233553
8439946122
1750711648
9248481174
8767289233
9310800350
10076546089
5122469486
11061236878
10321972365
10112311346
5610657451
10731996189
7822924918
10355660283
3862336020
3862336020
10320874153
10685973903
11120204996
5392582600
10958290083
6102193349
11042054603
9987965790
8742312945
11011406491
4975769978
1462715015
473180269
8401397664
7469824458
7464385668
4637399825
4769569762
2470338559
4043930224
1502742617
8483413729
7185066873
8913897838
7131821442
3084227237
9250636696
9600101298
9207079395
9333111507
9829101382
7300959020
10304126265
9442520875
10646354758
10591548875
8024883438
5051322549
9662247871
1619016925
8509302061
7628135155
2980602751
2727840888
5677742598
8548036678
11061755085
1502320947
2487644355
10726610925
10958713159
8402879859
6109732270
5630262266
10643440239
10951911069
3017622756
4447029827
10486782441
10486782441
5192348399
9656865434
10415079304
10481076947
7242996910
10625746244
10812904772
7869236519
9964642320
10705963682
9976152256
10891101587
9093719214
3162191723
3728496892
9178976067
4078652888
8741225758
10292634981
7634018087
8726199994
8726199994
10304126265
8139092400
3523719893
7677819303
8487775369
10378746756
10274256946
2487644355
7472981711
10034583208
10034583208
3019872595
10803835218
8938383890
1733827353
782848510
10910445382
2233763954
4975769978
7567507568
10756397692
8986198244
5118695513
7982498131
7599699994
5366531253
7357690323
3076006069
10076546089
7773480528
7442298933
8201735253
7375705957
6121593935
10273651845
5106470383
10352814130
1316521738
8780261580
10756397692
10986435746
9892041292
4217931709
7038464757
8845397849
5154611325
1310352871
4161127934
8988566464
10190861066
5792235383
10304530178
9812979631
6183616818
10806665837
7163688704
9020994605
9130297050
8501246595
3544190668
10842239607
1401587275
9116201208
7981986396
10212341916
4337141403
10650945963
2787817064
3224897724
3899717958
10031749386
9531663850
10170711463
3585353151
2333326745
8198385106
8653267331
9784171130
10289844792
1787109440
8742312945
10603033561
2550061498
10317209512
8804441425
3224721751
9348787404
1350184483
10527295417
2290270387
9074504646
3383456132
2255999216
10508836357
8003768790
6137152302
4924546838
9238160974
10392642626
9491044847
9883249476
856822255
2860763104
8069512796
24372636
8161880230
5475973855
9177606854
9133756622
543806891
9258575642
3036819022
3797899785
8938383890
1885564684
9865186759
9075339447
8398836615
4768196521
7305901565
3598460126
10116608714
10098652899
7839336995
3239964883
10029703012
9727620568
8039848627
9727620568
3398732001
9995127730
3972787597
8418497914
765403843
3304402570
9935917140
3942028067
9526925262
9881004975
6035886991
8073172549
2818956340
4808646986
10271958698
3546410102
8176266779
7149330957
6107881013
3137309830
4639174507
10491308955
9412741945
4597727184
1599103013
300506501
1194339317
1537996522
5022903468
2380381722
1204031
8279973680
10870367942
10735452652
939382569
10786150546
1817379467
10663097140
10753404404
10917888825
10892501372
10928443630
10928295896
8501246595
8434343123
10602714164
4274226049
8797670022
2530181028
7361415593
8808028843
8709497011
565417886
571027584
10900971658
7820507221
10951911069
11114128673
11102151577
10262378151
4036148881
10034583208
4115653008
5366531253
7331602263
1907856377
6003581407
3163343914
8511412210
11049453521
10959272593
11005249030
8574157673
4824470866
11161684632
3229588387
9618396312
7151349551
11082289826
11226086694
4774262936
11073209950
3069400727
3472242155
11237724835
11236905291
9060896722
705147101
303651668
3969708933
8602446312
10707736261
8762159277
8695639342
10812904772
1932514749
10832172791
11061236878
2231301876
10917154770
9139678612
5343003464
3383456132
8991371649
2376311242
1403776004
8981240588
7002893849
10115450835
2224737565
7442298933
8274847754
10759751658
782848510
10747503956
5366531253
3345120858
6137295563
4302852371
978551675
11219134287
10504350129
10851446398
1798927540
8184892693
10879708795
510985264
10965280011
11130781585
288163250
8759851166
2477209741
8439946122
1758238319
2583004043
1119642888
3026237548
1178859510
4170474370
5139109741
10106180087
5595970016
6063350007
2557674172
1160146714
8659098821
4757453903
10430323488
11238391466
10500338703
10480704322
10337464453
191239038
7432911993
10192991146
4787885247
9103469852
5743766246
2627926067
7192447264
6000127907
10409109714
8654159505
1814153473
10187741921
9204276198
10485802139
1151972375
10304109644
880710723
1819441576
3100522508
8334954081
9136536922
7932243007
2533523409
8402879859
8949370727
6166186912
11226086694
10803730360
4191810573
183342661
6102591332
10128127408
1670765822
10776738432
9888162661
1798927540
